0 999999 2555 999999 999999 999999 999999 999999
999999 0 337 1843 999999 999999 999999 999999
2555 337 0 1743 1233 999999 999999 999999
999999 1843 1743 0 802 849 999999 999999
999999 999999 1233 802 0 999999 1387 1120
999999 999999 999999 849 999999 0 142 999999
999999 999999 999999 999999 1387 142 0 1099
999999 999999 999999 999999 1120 999999 1099 0